
Inner channel wall: 6.45909E+13 (1.08%) 
Outer channel wall: 6.38631E+13 (0.36%) 
Cladding mean:      7.31321E+13 (0.30%) 

Relative distribution:

0.00 0.00 0.00 0.00 0.00 0.00 0.00 0.00 0.00 0.00 0.00 0.00 
0.00 0.92 0.98 1.00 0.98 1.02 0.99 1.01 0.98 1.00 0.94 0.00 
0.00 0.98 1.05 1.00 1.05 1.03 1.05 0.99 0.97 1.03 0.99 0.00 
0.00 1.03 1.03 0.99 1.04 0.96 1.05 1.03 1.03 1.01 1.00 0.00 
0.00 0.99 1.04 1.03 1.02 0.99 0.99 0.96 0.96 1.01 1.00 0.00 
0.00 0.99 1.06 1.01 0.99 0.00 0.00 0.00 0.99 0.97 0.95 0.00 
0.00 1.05 1.04 0.97 0.97 0.00 0.00 0.00 1.01 1.02 0.98 0.00 
0.00 0.98 1.02 1.00 0.98 0.00 0.00 0.00 1.01 1.05 0.99 0.00 
0.00 1.04 0.97 1.00 0.94 0.96 0.99 1.01 0.99 1.02 1.04 0.00 
0.00 0.97 0.97 1.04 0.99 0.96 0.98 1.00 1.00 1.03 1.01 0.00 
0.00 0.92 0.99 0.99 1.00 0.99 1.03 1.02 1.02 1.04 0.97 0.00 
0.00 0.00 0.00 0.00 0.00 0.00 0.00 0.00 0.00 0.00 0.00 0.00 
