[5.44285e+12 7.46869e+12 9.28992e+12 1.11001e+13 1.44412e+13 1.67388e+13 1.74561e+13 2.03009e+13 2.27874e+13 2.45675e+13 2.33808e+13 2.39252e+13 2.03139e+13 2.03212e+13 1.89545e+13 1.53695e+13 1.33719e+13 1.27609e+13 9.11281e+12 4.97562e+12 3.58867e+12]
[6.36978e+12 8.10762e+12 1.12895e+13 1.36607e+13 1.85129e+13 2.08162e+13 2.29197e+13 2.79017e+13 2.95248e+13 2.91502e+13 2.84547e+13 2.95094e+13 3.00694e+13 2.50544e+13 2.48440e+13 2.06857e+13 1.74378e+13 1.47441e+13 9.84932e+12 5.24968e+12 4.71600e+12]
[5.83763e+12 7.45172e+12 1.04661e+13 1.43820e+13 1.73447e+13 2.20007e+13 2.43985e+13 2.65597e+13 2.86982e+13 3.17932e+13 3.00542e+13 2.84787e+13 2.96938e+13 2.66334e+13 2.38513e+13 2.12943e+13 1.65300e+13 1.45167e+13 1.15695e+13 5.81133e+12 4.24383e+12]
[5.89612e+12 7.05494e+12 8.33720e+12 1.18627e+13 1.50598e+13 1.91161e+13 2.29426e+13 2.52041e+13 2.73475e+13 2.80758e+13 2.78620e+13 2.74345e+13 2.56328e+13 2.43472e+13 2.12874e+13 1.74460e+13 1.38675e+13 1.17587e+13 9.24080e+12 4.49361e+12 3.97469e+12]
[4.20595e+12 6.54634e+12 7.82835e+12 1.08607e+13 1.36480e+13 1.65961e+13 1.98703e+13 2.22843e+13 2.72654e+13 2.61193e+13 2.55722e+13 2.58872e+13 2.40817e+13 2.35392e+13 2.05602e+13 1.77364e+13 1.28029e+13 1.07615e+13 8.03324e+12 4.02327e+12 3.27811e+12]
[4.88773e+12 5.86014e+12 6.95698e+12 1.03384e+13 1.23103e+13 1.47887e+13 1.88019e+13 1.93317e+13 2.21119e+13 2.26428e+13 2.42039e+13 2.34362e+13 2.25420e+13 2.01197e+13 1.90715e+13 1.65942e+13 1.28194e+13 9.46188e+12 7.19807e+12 4.09860e+12 2.85298e+12]
[4.19481e+12 5.71806e+12 6.44343e+12 8.23613e+12 1.03204e+13 1.34987e+13 1.43508e+13 1.82648e+13 1.81554e+13 2.02916e+13 1.95002e+13 1.98985e+13 1.90312e+13 1.73689e+13 1.55111e+13 1.26070e+13 1.14623e+13 8.16390e+12 6.69124e+12 2.93012e+12 3.17568e+12]
[8.86862e+12 1.16292e+13 1.63860e+13 2.02393e+13 2.65101e+13 3.20752e+13 3.65166e+13 4.04701e+13 4.56642e+13 4.96300e+13 4.91882e+13 4.76428e+13 4.35141e+13 4.18549e+13 3.74224e+13 3.37354e+13 2.76118e+13 2.23890e+13 1.47965e+13 8.91336e+12 5.85782e+12]
[1.24837e+13 1.46940e+13 2.04456e+13 2.70632e+13 3.51487e+13 4.32798e+13 5.06743e+13 5.99914e+13 6.38718e+13 6.34136e+13 6.45425e+13 6.58456e+13 6.25387e+13 5.73313e+13 5.10739e+13 4.40531e+13 3.62435e+13 2.59895e+13 2.04809e+13 1.00125e+13 7.99019e+12]
[1.14851e+13 1.57779e+13 2.40625e+13 2.89422e+13 3.90241e+13 4.75663e+13 5.69197e+13 6.48126e+13 7.16409e+13 7.22635e+13 7.62187e+13 7.65457e+13 6.82948e+13 6.56957e+13 5.68458e+13 5.15720e+13 4.08806e+13 2.81877e+13 2.32221e+13 1.05319e+13 8.50842e+12]
[1.24700e+13 1.58536e+13 2.47646e+13 3.03178e+13 3.85968e+13 4.80524e+13 6.17779e+13 6.96269e+13 7.44168e+13 8.05441e+13 7.88990e+13 8.14208e+13 7.20975e+13 6.82039e+13 5.95517e+13 4.84392e+13 4.02176e+13 2.95013e+13 2.35525e+13 1.08243e+13 8.31365e+12]
[1.43049e+13 1.92947e+13 2.73434e+13 3.69304e+13 4.68717e+13 5.95559e+13 6.74568e+13 7.88463e+13 7.94541e+13 8.29559e+13 8.54157e+13 8.21699e+13 8.25190e+13 7.59507e+13 6.96578e+13 5.74811e+13 4.58536e+13 3.77409e+13 3.04264e+13 1.29810e+13 1.04475e+13]
[2.00464e+13 2.78788e+13 3.71951e+13 4.78608e+13 5.96135e+13 6.55013e+13 7.66029e+13 8.70076e+13 8.77006e+13 9.06284e+13 9.60826e+13 9.45610e+13 9.03281e+13 8.40715e+13 7.57714e+13 6.74663e+13 5.61914e+13 4.48786e+13 3.58688e+13 1.87863e+13 1.22035e+13]
[1.80852e+13 2.57089e+13 3.42973e+13 4.26994e+13 5.27123e+13 5.90707e+13 7.14798e+13 7.60621e+13 8.05901e+13 8.48176e+13 8.71784e+13 8.32722e+13 7.91250e+13 7.86368e+13 6.95027e+13 6.11639e+13 5.28362e+13 4.45011e+13 3.43851e+13 1.73077e+13 1.03328e+13]
[1.18834e+13 1.56869e+13 2.00173e+13 2.52362e+13 3.19124e+13 3.89559e+13 4.31417e+13 4.76669e+13 5.23404e+13 5.31587e+13 5.20309e+13 5.54272e+13 5.05644e+13 5.01107e+13 4.30887e+13 3.90129e+13 3.31596e+13 2.87070e+13 2.04789e+13 1.11993e+13 7.71441e+12]
[6.64967e+12 9.09538e+12 1.10661e+13 1.50930e+13 1.79708e+13 2.11460e+13 2.52378e+13 2.73889e+13 2.79448e+13 2.94352e+13 3.11360e+13 3.13149e+13 2.82055e+13 2.81402e+13 2.49407e+13 2.18674e+13 1.88688e+13 1.58487e+13 1.18585e+13 5.91372e+12 4.30020e+12]
[1.99638e+13 2.87344e+13 3.96177e+13 5.16111e+13 6.59969e+13 7.48098e+13 8.43406e+13 8.97746e+13 9.77053e+13 9.83221e+13 9.96853e+13 9.70576e+13 9.11126e+13 9.29536e+13 8.13126e+13 7.40412e+13 6.11251e+13 5.09572e+13 3.88362e+13 1.89030e+13 1.15889e+13]
[3.55568e+13 5.32024e+13 7.31519e+13 9.46920e+13 1.12197e+14 1.31627e+14 1.45600e+14 1.53600e+14 1.61380e+14 1.68792e+14 1.71899e+14 1.72213e+14 1.66967e+14 1.60480e+14 1.43818e+14 1.29331e+14 1.12924e+14 9.51609e+13 7.19815e+13 3.65353e+13 2.17593e+13]
[4.02206e+13 5.93105e+13 8.60496e+13 1.12072e+14 1.41767e+14 1.64104e+14 1.92236e+14 2.16851e+14 2.32398e+14 2.31520e+14 2.34894e+14 2.36080e+14 2.26471e+14 2.10832e+14 1.86880e+14 1.74435e+14 1.39996e+14 1.08942e+14 8.53810e+13 4.03013e+13 2.82436e+13]
[3.33531e+13 4.51771e+13 6.41143e+13 8.65681e+13 1.10240e+14 1.41481e+14 1.68660e+14 1.92231e+14 2.11229e+14 2.17901e+14 2.25828e+14 2.21266e+14 2.02044e+14 1.90107e+14 1.69925e+14 1.40320e+14 1.11232e+14 8.71967e+13 6.22841e+13 2.84166e+13 1.95015e+13]
[2.71091e+13 3.97003e+13 5.57884e+13 7.68202e+13 9.95819e+13 1.23798e+14 1.46741e+14 1.69208e+14 1.91052e+14 1.97348e+14 2.03325e+14 1.91916e+14 1.87221e+14 1.73311e+14 1.51754e+14 1.21885e+14 9.80299e+13 7.45531e+13 5.38829e+13 2.57799e+13 1.65794e+13]
[2.61249e+13 3.66783e+13 5.14008e+13 6.81812e+13 8.78238e+13 1.01651e+14 1.14556e+14 1.30993e+14 1.44346e+14 1.48237e+14 1.47077e+14 1.45391e+14 1.38540e+14 1.28773e+14 1.17028e+14 1.00800e+14 9.07495e+13 6.80634e+13 5.18396e+13 2.63599e+13 1.54211e+13]
[5.62039e+13 8.25677e+13 1.18912e+14 1.58033e+14 2.03379e+14 2.41015e+14 2.79648e+14 3.13866e+14 3.39104e+14 3.55082e+14 3.62112e+14 3.55188e+14 3.40352e+14 3.08366e+14 2.77748e+14 2.36957e+14 1.97855e+14 1.56521e+14 1.19030e+14 5.23022e+13 3.38831e+13]
[4.98814e+13 7.73298e+13 1.08297e+14 1.54725e+14 2.02972e+14 2.55165e+14 3.00234e+14 3.53106e+14 3.82407e+14 3.98732e+14 4.07849e+14 4.10329e+14 3.82673e+14 3.47678e+14 3.00871e+14 2.53377e+14 2.01620e+14 1.51230e+14 1.13173e+14 4.93779e+13 3.11019e+13]
[5.80002e+13 9.16901e+13 1.33011e+14 1.84298e+14 2.39366e+14 2.96245e+14 3.55716e+14 4.09888e+14 4.52365e+14 4.72493e+14 4.82431e+14 4.71205e+14 4.45912e+14 4.18948e+14 3.57748e+14 2.97462e+14 2.33832e+14 1.80637e+14 1.26995e+14 5.78092e+13 3.82981e+13]
[7.98489e+13 1.16683e+14 1.67001e+14 2.26918e+14 2.86240e+14 3.42032e+14 4.11159e+14 4.54252e+14 4.98991e+14 5.26619e+14 5.30720e+14 5.15678e+14 4.99098e+14 4.55662e+14 4.05159e+14 3.54109e+14 2.93341e+14 2.26459e+14 1.64440e+14 7.30531e+13 4.68414e+13]
[9.84431e+13 1.53644e+14 2.29651e+14 3.18188e+14 4.20464e+14 5.24197e+14 6.32216e+14 7.18851e+14 7.80911e+14 8.19792e+14 8.37837e+14 8.26138e+14 7.87569e+14 7.23024e+14 6.20097e+14 5.21362e+14 4.12864e+14 3.19910e+14 2.22492e+14 9.96048e+13 6.09263e+13]
[9.85063e+13 1.57432e+14 2.16088e+14 3.09615e+14 3.99002e+14 4.91669e+14 5.75270e+14 6.47658e+14 7.01225e+14 7.24217e+14 7.46238e+14 7.40330e+14 7.02817e+14 6.45397e+14 5.79429e+14 5.00887e+14 4.04138e+14 3.12022e+14 2.30012e+14 9.62866e+13 5.98836e+13]
[1.61245e+14 2.54720e+14 3.83243e+14 5.40216e+14 6.94671e+14 8.66368e+14 1.02638e+15 1.14472e+15 1.23042e+15 1.29764e+15 1.31165e+15 1.28718e+15 1.23220e+15 1.14281e+15 1.00952e+15 8.55674e+14 6.91590e+14 5.32864e+14 3.76577e+14 1.67918e+14 9.99421e+13]
[1.64376e+14 2.70194e+14 3.97116e+14 5.55879e+14 7.43425e+14 9.32560e+14 1.10293e+15 1.24707e+15 1.35586e+15 1.43839e+15 1.46359e+15 1.43921e+15 1.35141e+15 1.24937e+15 1.10604e+15 9.19516e+14 7.34260e+14 5.49671e+14 3.92238e+14 1.62125e+14 9.91539e+13]
[1.86097e+14 2.93837e+14 4.38477e+14 6.22090e+14 8.03171e+14 9.91171e+14 1.17514e+15 1.32253e+15 1.43489e+15 1.47781e+15 1.50513e+15 1.49597e+15 1.42909e+15 1.31182e+15 1.16323e+15 9.90127e+14 8.03412e+14 6.10602e+14 4.40860e+14 1.85078e+14 1.09738e+14]
[2.62470e+14 4.21964e+14 6.30606e+14 8.59993e+14 1.13225e+15 1.38812e+15 1.62217e+15 1.79773e+15 1.92799e+15 1.99697e+15 2.04945e+15 2.00872e+15 1.92968e+15 1.78426e+15 1.58549e+15 1.36990e+15 1.11639e+15 8.56314e+14 6.24157e+14 2.65838e+14 1.61496e+14]
[2.54692e+14 4.07855e+14 6.25469e+14 8.82591e+14 1.17951e+15 1.44007e+15 1.69551e+15 1.88980e+15 2.03735e+15 2.13024e+15 2.13475e+15 2.11660e+15 2.02467e+15 1.87586e+15 1.65732e+15 1.41044e+15 1.14151e+15 8.63939e+14 6.09477e+14 2.60230e+14 1.47883e+14]
[2.57379e+14 3.96662e+14 6.07331e+14 8.47003e+14 1.10937e+15 1.36993e+15 1.59722e+15 1.78357e+15 1.92397e+15 1.99546e+15 2.01102e+15 1.98871e+15 1.89283e+15 1.75838e+15 1.57683e+15 1.34732e+15 1.09292e+15 8.40759e+14 6.02935e+14 2.54257e+14 1.53160e+14]
[3.52108e+14 5.71972e+14 8.43010e+14 1.16979e+15 1.54130e+15 1.85185e+15 2.14757e+15 2.34420e+15 2.48489e+15 2.61191e+15 2.61231e+15 2.56920e+15 2.48192e+15 2.30141e+15 2.09264e+15 1.82869e+15 1.51067e+15 1.16492e+15 8.54498e+14 3.57337e+14 2.13619e+14]
[3.58601e+14 5.78908e+14 8.60613e+14 1.18838e+15 1.54058e+15 1.85588e+15 2.13004e+15 2.37767e+15 2.51327e+15 2.60033e+15 2.60950e+15 2.57076e+15 2.49259e+15 2.32903e+15 2.10888e+15 1.82469e+15 1.51779e+15 1.18087e+15 8.64657e+14 3.65301e+14 2.15156e+14]
[4.47147e+14 7.29953e+14 1.09333e+15 1.50303e+15 1.92918e+15 2.27897e+15 2.57475e+15 2.82645e+15 2.94607e+15 3.01186e+15 3.05433e+15 2.99403e+15 2.92462e+15 2.76441e+15 2.53380e+15 2.24784e+15 1.88869e+15 1.50523e+15 1.10793e+15 4.74257e+14 2.70085e+14]
[5.03805e+14 8.21988e+14 1.21445e+15 1.64740e+15 2.08284e+15 2.47062e+15 2.76218e+15 2.96394e+15 3.12532e+15 3.19357e+15 3.20954e+15 3.15672e+15 3.09060e+15 2.92139e+15 2.71845e+15 2.40693e+15 2.06426e+15 1.63627e+15 1.22531e+15 5.34898e+14 3.13033e+14]
[4.35546e+14 7.01454e+14 1.04402e+15 1.41709e+15 1.79972e+15 2.13215e+15 2.42976e+15 2.64732e+15 2.80350e+15 2.87022e+15 2.87587e+15 2.85393e+15 2.75295e+15 2.60700e+15 2.39689e+15 2.13297e+15 1.77578e+15 1.40607e+15 1.04202e+15 4.50580e+14 2.60771e+14]
[2.51208e+14 3.98691e+14 5.83531e+14 7.99839e+14 1.02372e+15 1.23843e+15 1.42062e+15 1.55922e+15 1.65532e+15 1.72065e+15 1.75341e+15 1.73849e+15 1.65761e+15 1.55502e+15 1.39974e+15 1.22018e+15 1.02433e+15 8.00792e+14 5.85975e+14 2.55210e+14 1.54867e+14]
[2.07795e+14 3.39647e+14 4.89546e+14 6.65662e+14 8.52339e+14 1.01555e+15 1.13992e+15 1.26445e+15 1.34327e+15 1.38601e+15 1.40587e+15 1.39464e+15 1.33053e+15 1.25412e+15 1.14958e+15 1.00666e+15 8.43008e+14 6.66298e+14 4.94419e+14 2.12182e+14 1.25390e+14]
[1.47619e+14 2.35081e+14 3.45586e+14 4.61888e+14 5.90618e+14 6.97581e+14 7.98031e+14 8.59222e+14 9.17011e+14 9.50340e+14 9.56486e+14 9.40334e+14 9.11965e+14 8.60786e+14 7.86598e+14 6.83248e+14 5.72950e+14 4.51585e+14 3.43286e+14 1.53101e+14 9.05272e+13]
[9.94645e+13 1.51929e+14 2.09860e+14 2.90039e+14 3.51937e+14 4.07554e+14 4.55410e+14 4.87561e+14 5.17438e+14 5.38981e+14 5.39009e+14 5.26963e+14 5.06002e+14 4.81883e+14 4.42653e+14 4.05573e+14 3.47421e+14 2.79602e+14 2.09699e+14 9.77359e+13 6.06163e+13]
[1.55411e+14 2.40365e+14 3.49681e+14 4.59448e+14 5.73874e+14 6.66437e+14 7.43567e+14 7.87094e+14 8.27037e+14 8.46014e+14 8.62160e+14 8.49418e+14 8.30997e+14 7.86963e+14 7.37210e+14 6.60828e+14 5.66132e+14 4.54963e+14 3.45605e+14 1.48012e+14 9.18254e+13]
[1.78396e+14 2.78831e+14 4.13422e+14 5.43317e+14 6.86977e+14 8.31225e+14 9.38529e+14 1.01457e+15 1.06176e+15 1.11766e+15 1.11319e+15 1.11159e+15 1.06733e+15 1.00937e+15 9.29722e+14 8.21284e+14 6.78699e+14 5.44822e+14 4.01715e+14 1.77351e+14 1.09495e+14]
[1.12763e+14 1.79538e+14 2.54300e+14 3.29241e+14 4.09950e+14 4.81326e+14 5.31487e+14 5.68343e+14 6.08290e+14 6.26748e+14 6.40161e+14 6.32858e+14 6.06372e+14 5.74767e+14 5.31673e+14 4.69281e+14 4.11009e+14 3.33693e+14 2.46535e+14 1.10884e+14 6.81739e+13]
[8.99983e+13 1.42827e+14 1.96769e+14 2.54120e+14 3.08792e+14 3.55659e+14 3.90994e+14 4.14307e+14 4.32029e+14 4.46118e+14 4.48768e+14 4.40861e+14 4.34995e+14 4.08678e+14 3.80895e+14 3.52964e+14 3.03666e+14 2.53506e+14 1.92379e+14 9.09994e+13 5.36763e+13]
[5.74492e+13 9.17637e+13 1.26359e+14 1.67354e+14 2.01604e+14 2.24076e+14 2.51210e+14 2.70008e+14 2.84023e+14 2.91460e+14 2.92996e+14 2.98436e+14 2.79627e+14 2.68466e+14 2.54994e+14 2.20152e+14 1.98172e+14 1.67713e+14 1.24548e+14 5.58539e+13 3.50873e+13]
[array([5.44285e+12, 7.46869e+12, 9.28992e+12, 1.11001e+13, 1.44412e+13,       1.67388e+13, 1.74561e+13, 2.03009e+13, 2.27874e+13, 2.45675e+13,       2.33808e+13, 2.39252e+13, 2.03139e+13, 2.03212e+13, 1.89545e+13,       1.53695e+13, 1.33719e+13, 1.27609e+13, 9.11281e+12, 4.97562e+12,       3.58867e+12]), array([6.36978e+12, 8.10762e+12, 1.12895e+13, 1.36607e+13, 1.85129e+13,       2.08162e+13, 2.29197e+13, 2.79017e+13, 2.95248e+13, 2.91502e+13,       2.84547e+13, 2.95094e+13, 3.00694e+13, 2.50544e+13, 2.48440e+13,       2.06857e+13, 1.74378e+13, 1.47441e+13, 9.84932e+12, 5.24968e+12,       4.71600e+12]), array([5.83763e+12, 7.45172e+12, 1.04661e+13, 1.43820e+13, 1.73447e+13,       2.20007e+13, 2.43985e+13, 2.65597e+13, 2.86982e+13, 3.17932e+13,       3.00542e+13, 2.84787e+13, 2.96938e+13, 2.66334e+13, 2.38513e+13,       2.12943e+13, 1.65300e+13, 1.45167e+13, 1.15695e+13, 5.81133e+12,       4.24383e+12]), array([5.89612e+12, 7.05494e+12, 8.33720e+12, 1.18627e+13, 1.50598e+13,       1.91161e+13, 2.29426e+13, 2.52041e+13, 2.73475e+13, 2.80758e+13,       2.78620e+13, 2.74345e+13, 2.56328e+13, 2.43472e+13, 2.12874e+13,       1.74460e+13, 1.38675e+13, 1.17587e+13, 9.24080e+12, 4.49361e+12,       3.97469e+12]), array([4.20595e+12, 6.54634e+12, 7.82835e+12, 1.08607e+13, 1.36480e+13,       1.65961e+13, 1.98703e+13, 2.22843e+13, 2.72654e+13, 2.61193e+13,       2.55722e+13, 2.58872e+13, 2.40817e+13, 2.35392e+13, 2.05602e+13,       1.77364e+13, 1.28029e+13, 1.07615e+13, 8.03324e+12, 4.02327e+12,       3.27811e+12]), array([4.88773e+12, 5.86014e+12, 6.95698e+12, 1.03384e+13, 1.23103e+13,       1.47887e+13, 1.88019e+13, 1.93317e+13, 2.21119e+13, 2.26428e+13,       2.42039e+13, 2.34362e+13, 2.25420e+13, 2.01197e+13, 1.90715e+13,       1.65942e+13, 1.28194e+13, 9.46188e+12, 7.19807e+12, 4.09860e+12,       2.85298e+12]), array([4.19481e+12, 5.71806e+12, 6.44343e+12, 8.23613e+12, 1.03204e+13,       1.34987e+13, 1.43508e+13, 1.82648e+13, 1.81554e+13, 2.02916e+13,       1.95002e+13, 1.98985e+13, 1.90312e+13, 1.73689e+13, 1.55111e+13,       1.26070e+13, 1.14623e+13, 8.16390e+12, 6.69124e+12, 2.93012e+12,       3.17568e+12]), array([8.86862e+12, 1.16292e+13, 1.63860e+13, 2.02393e+13, 2.65101e+13,       3.20752e+13, 3.65166e+13, 4.04701e+13, 4.56642e+13, 4.96300e+13,       4.91882e+13, 4.76428e+13, 4.35141e+13, 4.18549e+13, 3.74224e+13,       3.37354e+13, 2.76118e+13, 2.23890e+13, 1.47965e+13, 8.91336e+12,       5.85782e+12]), array([1.24837e+13, 1.46940e+13, 2.04456e+13, 2.70632e+13, 3.51487e+13,       4.32798e+13, 5.06743e+13, 5.99914e+13, 6.38718e+13, 6.34136e+13,       6.45425e+13, 6.58456e+13, 6.25387e+13, 5.73313e+13, 5.10739e+13,       4.40531e+13, 3.62435e+13, 2.59895e+13, 2.04809e+13, 1.00125e+13,       7.99019e+12]), array([1.14851e+13, 1.57779e+13, 2.40625e+13, 2.89422e+13, 3.90241e+13,       4.75663e+13, 5.69197e+13, 6.48126e+13, 7.16409e+13, 7.22635e+13,       7.62187e+13, 7.65457e+13, 6.82948e+13, 6.56957e+13, 5.68458e+13,       5.15720e+13, 4.08806e+13, 2.81877e+13, 2.32221e+13, 1.05319e+13,       8.50842e+12]), array([1.24700e+13, 1.58536e+13, 2.47646e+13, 3.03178e+13, 3.85968e+13,       4.80524e+13, 6.17779e+13, 6.96269e+13, 7.44168e+13, 8.05441e+13,       7.88990e+13, 8.14208e+13, 7.20975e+13, 6.82039e+13, 5.95517e+13,       4.84392e+13, 4.02176e+13, 2.95013e+13, 2.35525e+13, 1.08243e+13,       8.31365e+12]), array([1.43049e+13, 1.92947e+13, 2.73434e+13, 3.69304e+13, 4.68717e+13,       5.95559e+13, 6.74568e+13, 7.88463e+13, 7.94541e+13, 8.29559e+13,       8.54157e+13, 8.21699e+13, 8.25190e+13, 7.59507e+13, 6.96578e+13,       5.74811e+13, 4.58536e+13, 3.77409e+13, 3.04264e+13, 1.29810e+13,       1.04475e+13]), array([2.00464e+13, 2.78788e+13, 3.71951e+13, 4.78608e+13, 5.96135e+13,       6.55013e+13, 7.66029e+13, 8.70076e+13, 8.77006e+13, 9.06284e+13,       9.60826e+13, 9.45610e+13, 9.03281e+13, 8.40715e+13, 7.57714e+13,       6.74663e+13, 5.61914e+13, 4.48786e+13, 3.58688e+13, 1.87863e+13,       1.22035e+13]), array([1.80852e+13, 2.57089e+13, 3.42973e+13, 4.26994e+13, 5.27123e+13,       5.90707e+13, 7.14798e+13, 7.60621e+13, 8.05901e+13, 8.48176e+13,       8.71784e+13, 8.32722e+13, 7.91250e+13, 7.86368e+13, 6.95027e+13,       6.11639e+13, 5.28362e+13, 4.45011e+13, 3.43851e+13, 1.73077e+13,       1.03328e+13]), array([1.18834e+13, 1.56869e+13, 2.00173e+13, 2.52362e+13, 3.19124e+13,       3.89559e+13, 4.31417e+13, 4.76669e+13, 5.23404e+13, 5.31587e+13,       5.20309e+13, 5.54272e+13, 5.05644e+13, 5.01107e+13, 4.30887e+13,       3.90129e+13, 3.31596e+13, 2.87070e+13, 2.04789e+13, 1.11993e+13,       7.71441e+12]), array([6.64967e+12, 9.09538e+12, 1.10661e+13, 1.50930e+13, 1.79708e+13,       2.11460e+13, 2.52378e+13, 2.73889e+13, 2.79448e+13, 2.94352e+13,       3.11360e+13, 3.13149e+13, 2.82055e+13, 2.81402e+13, 2.49407e+13,       2.18674e+13, 1.88688e+13, 1.58487e+13, 1.18585e+13, 5.91372e+12,       4.30020e+12]), array([1.99638e+13, 2.87344e+13, 3.96177e+13, 5.16111e+13, 6.59969e+13,       7.48098e+13, 8.43406e+13, 8.97746e+13, 9.77053e+13, 9.83221e+13,       9.96853e+13, 9.70576e+13, 9.11126e+13, 9.29536e+13, 8.13126e+13,       7.40412e+13, 6.11251e+13, 5.09572e+13, 3.88362e+13, 1.89030e+13,       1.15889e+13]), array([3.55568e+13, 5.32024e+13, 7.31519e+13, 9.46920e+13, 1.12197e+14,       1.31627e+14, 1.45600e+14, 1.53600e+14, 1.61380e+14, 1.68792e+14,       1.71899e+14, 1.72213e+14, 1.66967e+14, 1.60480e+14, 1.43818e+14,       1.29331e+14, 1.12924e+14, 9.51609e+13, 7.19815e+13, 3.65353e+13,       2.17593e+13]), array([4.02206e+13, 5.93105e+13, 8.60496e+13, 1.12072e+14, 1.41767e+14,       1.64104e+14, 1.92236e+14, 2.16851e+14, 2.32398e+14, 2.31520e+14,       2.34894e+14, 2.36080e+14, 2.26471e+14, 2.10832e+14, 1.86880e+14,       1.74435e+14, 1.39996e+14, 1.08942e+14, 8.53810e+13, 4.03013e+13,       2.82436e+13]), array([3.33531e+13, 4.51771e+13, 6.41143e+13, 8.65681e+13, 1.10240e+14,       1.41481e+14, 1.68660e+14, 1.92231e+14, 2.11229e+14, 2.17901e+14,       2.25828e+14, 2.21266e+14, 2.02044e+14, 1.90107e+14, 1.69925e+14,       1.40320e+14, 1.11232e+14, 8.71967e+13, 6.22841e+13, 2.84166e+13,       1.95015e+13]), array([2.71091e+13, 3.97003e+13, 5.57884e+13, 7.68202e+13, 9.95819e+13,       1.23798e+14, 1.46741e+14, 1.69208e+14, 1.91052e+14, 1.97348e+14,       2.03325e+14, 1.91916e+14, 1.87221e+14, 1.73311e+14, 1.51754e+14,       1.21885e+14, 9.80299e+13, 7.45531e+13, 5.38829e+13, 2.57799e+13,       1.65794e+13]), array([2.61249e+13, 3.66783e+13, 5.14008e+13, 6.81812e+13, 8.78238e+13,       1.01651e+14, 1.14556e+14, 1.30993e+14, 1.44346e+14, 1.48237e+14,       1.47077e+14, 1.45391e+14, 1.38540e+14, 1.28773e+14, 1.17028e+14,       1.00800e+14, 9.07495e+13, 6.80634e+13, 5.18396e+13, 2.63599e+13,       1.54211e+13]), array([5.62039e+13, 8.25677e+13, 1.18912e+14, 1.58033e+14, 2.03379e+14,       2.41015e+14, 2.79648e+14, 3.13866e+14, 3.39104e+14, 3.55082e+14,       3.62112e+14, 3.55188e+14, 3.40352e+14, 3.08366e+14, 2.77748e+14,       2.36957e+14, 1.97855e+14, 1.56521e+14, 1.19030e+14, 5.23022e+13,       3.38831e+13]), array([4.98814e+13, 7.73298e+13, 1.08297e+14, 1.54725e+14, 2.02972e+14,       2.55165e+14, 3.00234e+14, 3.53106e+14, 3.82407e+14, 3.98732e+14,       4.07849e+14, 4.10329e+14, 3.82673e+14, 3.47678e+14, 3.00871e+14,       2.53377e+14, 2.01620e+14, 1.51230e+14, 1.13173e+14, 4.93779e+13,       3.11019e+13]), array([5.80002e+13, 9.16901e+13, 1.33011e+14, 1.84298e+14, 2.39366e+14,       2.96245e+14, 3.55716e+14, 4.09888e+14, 4.52365e+14, 4.72493e+14,       4.82431e+14, 4.71205e+14, 4.45912e+14, 4.18948e+14, 3.57748e+14,       2.97462e+14, 2.33832e+14, 1.80637e+14, 1.26995e+14, 5.78092e+13,       3.82981e+13]), array([7.98489e+13, 1.16683e+14, 1.67001e+14, 2.26918e+14, 2.86240e+14,       3.42032e+14, 4.11159e+14, 4.54252e+14, 4.98991e+14, 5.26619e+14,       5.30720e+14, 5.15678e+14, 4.99098e+14, 4.55662e+14, 4.05159e+14,       3.54109e+14, 2.93341e+14, 2.26459e+14, 1.64440e+14, 7.30531e+13,       4.68414e+13]), array([9.84431e+13, 1.53644e+14, 2.29651e+14, 3.18188e+14, 4.20464e+14,       5.24197e+14, 6.32216e+14, 7.18851e+14, 7.80911e+14, 8.19792e+14,       8.37837e+14, 8.26138e+14, 7.87569e+14, 7.23024e+14, 6.20097e+14,       5.21362e+14, 4.12864e+14, 3.19910e+14, 2.22492e+14, 9.96048e+13,       6.09263e+13]), array([9.85063e+13, 1.57432e+14, 2.16088e+14, 3.09615e+14, 3.99002e+14,       4.91669e+14, 5.75270e+14, 6.47658e+14, 7.01225e+14, 7.24217e+14,       7.46238e+14, 7.40330e+14, 7.02817e+14, 6.45397e+14, 5.79429e+14,       5.00887e+14, 4.04138e+14, 3.12022e+14, 2.30012e+14, 9.62866e+13,       5.98836e+13]), array([1.61245e+14, 2.54720e+14, 3.83243e+14, 5.40216e+14, 6.94671e+14,       8.66368e+14, 1.02638e+15, 1.14472e+15, 1.23042e+15, 1.29764e+15,       1.31165e+15, 1.28718e+15, 1.23220e+15, 1.14281e+15, 1.00952e+15,       8.55674e+14, 6.91590e+14, 5.32864e+14, 3.76577e+14, 1.67918e+14,       9.99421e+13]), array([1.64376e+14, 2.70194e+14, 3.97116e+14, 5.55879e+14, 7.43425e+14,       9.32560e+14, 1.10293e+15, 1.24707e+15, 1.35586e+15, 1.43839e+15,       1.46359e+15, 1.43921e+15, 1.35141e+15, 1.24937e+15, 1.10604e+15,       9.19516e+14, 7.34260e+14, 5.49671e+14, 3.92238e+14, 1.62125e+14,       9.91539e+13]), array([1.86097e+14, 2.93837e+14, 4.38477e+14, 6.22090e+14, 8.03171e+14,       9.91171e+14, 1.17514e+15, 1.32253e+15, 1.43489e+15, 1.47781e+15,       1.50513e+15, 1.49597e+15, 1.42909e+15, 1.31182e+15, 1.16323e+15,       9.90127e+14, 8.03412e+14, 6.10602e+14, 4.40860e+14, 1.85078e+14,       1.09738e+14]), array([2.62470e+14, 4.21964e+14, 6.30606e+14, 8.59993e+14, 1.13225e+15,       1.38812e+15, 1.62217e+15, 1.79773e+15, 1.92799e+15, 1.99697e+15,       2.04945e+15, 2.00872e+15, 1.92968e+15, 1.78426e+15, 1.58549e+15,       1.36990e+15, 1.11639e+15, 8.56314e+14, 6.24157e+14, 2.65838e+14,       1.61496e+14]), array([2.54692e+14, 4.07855e+14, 6.25469e+14, 8.82591e+14, 1.17951e+15,       1.44007e+15, 1.69551e+15, 1.88980e+15, 2.03735e+15, 2.13024e+15,       2.13475e+15, 2.11660e+15, 2.02467e+15, 1.87586e+15, 1.65732e+15,       1.41044e+15, 1.14151e+15, 8.63939e+14, 6.09477e+14, 2.60230e+14,       1.47883e+14]), array([2.57379e+14, 3.96662e+14, 6.07331e+14, 8.47003e+14, 1.10937e+15,       1.36993e+15, 1.59722e+15, 1.78357e+15, 1.92397e+15, 1.99546e+15,       2.01102e+15, 1.98871e+15, 1.89283e+15, 1.75838e+15, 1.57683e+15,       1.34732e+15, 1.09292e+15, 8.40759e+14, 6.02935e+14, 2.54257e+14,       1.53160e+14]), array([3.52108e+14, 5.71972e+14, 8.43010e+14, 1.16979e+15, 1.54130e+15,       1.85185e+15, 2.14757e+15, 2.34420e+15, 2.48489e+15, 2.61191e+15,       2.61231e+15, 2.56920e+15, 2.48192e+15, 2.30141e+15, 2.09264e+15,       1.82869e+15, 1.51067e+15, 1.16492e+15, 8.54498e+14, 3.57337e+14,       2.13619e+14]), array([3.58601e+14, 5.78908e+14, 8.60613e+14, 1.18838e+15, 1.54058e+15,       1.85588e+15, 2.13004e+15, 2.37767e+15, 2.51327e+15, 2.60033e+15,       2.60950e+15, 2.57076e+15, 2.49259e+15, 2.32903e+15, 2.10888e+15,       1.82469e+15, 1.51779e+15, 1.18087e+15, 8.64657e+14, 3.65301e+14,       2.15156e+14]), array([4.47147e+14, 7.29953e+14, 1.09333e+15, 1.50303e+15, 1.92918e+15,       2.27897e+15, 2.57475e+15, 2.82645e+15, 2.94607e+15, 3.01186e+15,       3.05433e+15, 2.99403e+15, 2.92462e+15, 2.76441e+15, 2.53380e+15,       2.24784e+15, 1.88869e+15, 1.50523e+15, 1.10793e+15, 4.74257e+14,       2.70085e+14]), array([5.03805e+14, 8.21988e+14, 1.21445e+15, 1.64740e+15, 2.08284e+15,       2.47062e+15, 2.76218e+15, 2.96394e+15, 3.12532e+15, 3.19357e+15,       3.20954e+15, 3.15672e+15, 3.09060e+15, 2.92139e+15, 2.71845e+15,       2.40693e+15, 2.06426e+15, 1.63627e+15, 1.22531e+15, 5.34898e+14,       3.13033e+14]), array([4.35546e+14, 7.01454e+14, 1.04402e+15, 1.41709e+15, 1.79972e+15,       2.13215e+15, 2.42976e+15, 2.64732e+15, 2.80350e+15, 2.87022e+15,       2.87587e+15, 2.85393e+15, 2.75295e+15, 2.60700e+15, 2.39689e+15,       2.13297e+15, 1.77578e+15, 1.40607e+15, 1.04202e+15, 4.50580e+14,       2.60771e+14]), array([2.51208e+14, 3.98691e+14, 5.83531e+14, 7.99839e+14, 1.02372e+15,       1.23843e+15, 1.42062e+15, 1.55922e+15, 1.65532e+15, 1.72065e+15,       1.75341e+15, 1.73849e+15, 1.65761e+15, 1.55502e+15, 1.39974e+15,       1.22018e+15, 1.02433e+15, 8.00792e+14, 5.85975e+14, 2.55210e+14,       1.54867e+14]), array([2.07795e+14, 3.39647e+14, 4.89546e+14, 6.65662e+14, 8.52339e+14,       1.01555e+15, 1.13992e+15, 1.26445e+15, 1.34327e+15, 1.38601e+15,       1.40587e+15, 1.39464e+15, 1.33053e+15, 1.25412e+15, 1.14958e+15,       1.00666e+15, 8.43008e+14, 6.66298e+14, 4.94419e+14, 2.12182e+14,       1.25390e+14]), array([1.47619e+14, 2.35081e+14, 3.45586e+14, 4.61888e+14, 5.90618e+14,       6.97581e+14, 7.98031e+14, 8.59222e+14, 9.17011e+14, 9.50340e+14,       9.56486e+14, 9.40334e+14, 9.11965e+14, 8.60786e+14, 7.86598e+14,       6.83248e+14, 5.72950e+14, 4.51585e+14, 3.43286e+14, 1.53101e+14,       9.05272e+13]), array([9.94645e+13, 1.51929e+14, 2.09860e+14, 2.90039e+14, 3.51937e+14,       4.07554e+14, 4.55410e+14, 4.87561e+14, 5.17438e+14, 5.38981e+14,       5.39009e+14, 5.26963e+14, 5.06002e+14, 4.81883e+14, 4.42653e+14,       4.05573e+14, 3.47421e+14, 2.79602e+14, 2.09699e+14, 9.77359e+13,       6.06163e+13]), array([1.55411e+14, 2.40365e+14, 3.49681e+14, 4.59448e+14, 5.73874e+14,       6.66437e+14, 7.43567e+14, 7.87094e+14, 8.27037e+14, 8.46014e+14,       8.62160e+14, 8.49418e+14, 8.30997e+14, 7.86963e+14, 7.37210e+14,       6.60828e+14, 5.66132e+14, 4.54963e+14, 3.45605e+14, 1.48012e+14,       9.18254e+13]), array([1.78396e+14, 2.78831e+14, 4.13422e+14, 5.43317e+14, 6.86977e+14,       8.31225e+14, 9.38529e+14, 1.01457e+15, 1.06176e+15, 1.11766e+15,       1.11319e+15, 1.11159e+15, 1.06733e+15, 1.00937e+15, 9.29722e+14,       8.21284e+14, 6.78699e+14, 5.44822e+14, 4.01715e+14, 1.77351e+14,       1.09495e+14]), array([1.12763e+14, 1.79538e+14, 2.54300e+14, 3.29241e+14, 4.09950e+14,       4.81326e+14, 5.31487e+14, 5.68343e+14, 6.08290e+14, 6.26748e+14,       6.40161e+14, 6.32858e+14, 6.06372e+14, 5.74767e+14, 5.31673e+14,       4.69281e+14, 4.11009e+14, 3.33693e+14, 2.46535e+14, 1.10884e+14,       6.81739e+13]), array([8.99983e+13, 1.42827e+14, 1.96769e+14, 2.54120e+14, 3.08792e+14,       3.55659e+14, 3.90994e+14, 4.14307e+14, 4.32029e+14, 4.46118e+14,       4.48768e+14, 4.40861e+14, 4.34995e+14, 4.08678e+14, 3.80895e+14,       3.52964e+14, 3.03666e+14, 2.53506e+14, 1.92379e+14, 9.09994e+13,       5.36763e+13]), array([5.74492e+13, 9.17637e+13, 1.26359e+14, 1.67354e+14, 2.01604e+14,       2.24076e+14, 2.51210e+14, 2.70008e+14, 2.84023e+14, 2.91460e+14,       2.92996e+14, 2.98436e+14, 2.79627e+14, 2.68466e+14, 2.54994e+14,       2.20152e+14, 1.98172e+14, 1.67713e+14, 1.24548e+14, 5.58539e+13,       3.50873e+13])]
