            0           1          2           3           4           5   \
0      5798.05     8518.21    13371.9     17134.2     20145.9     20936.2   
1      6764.95    10310.90    16365.0     21782.2     25260.4     26865.2   
2      6438.80    10241.90    16324.8     23231.3     27925.1     30156.7   
3      6105.27     9173.28    15011.0     21938.9     27558.4     29213.6   
4      5404.84     8433.41    13686.6     20254.3     25963.4     28736.5   
5      5260.36     8122.70    13165.5     20063.2     24082.7     28225.9   
6      5064.87     7438.45    12004.8     17959.4     22164.0     24154.0   
7      9187.88    15916.50    27632.8     40165.7     49808.5     53942.5   
8     12185.60    20655.00    36660.2     54485.7     69654.0     76355.6   
9     12969.70    22595.00    41492.6     64143.2     85405.0     94079.7   
10    13847.90    23999.00    45822.2     73232.6     98420.8    107682.0   
11    15874.50    29938.20    56185.4     88505.0    111762.0    127038.0   
12    19908.50    37975.40    70516.1    104605.0    132360.0    144610.0   
13    19335.10    36522.70    66780.3     99243.0    125890.0    136506.0   
14    13558.00    25917.80    46602.8     72295.0     89304.8     96587.3   
15     9273.76    16491.80    29224.9     43335.7     56636.6     61076.3   
16    23270.40    47474.30    88610.7    128874.0    162580.0    176214.0   
17    41007.00    86128.50   156594.0    230020.0    287796.0    305403.0   
18    48365.90   104599.00   205400.0    317106.0    409440.0    451946.0   
19    39711.70    87167.60   183454.0    304989.0    408004.0    457607.0   
20    36440.90    79086.00   168442.0    289239.0    398915.0    443835.0   
21    34555.30    75784.40   151812.0    242318.0    317455.0    347607.0   
22    72916.20   171118.00   356994.0    578432.0    754432.0    831722.0   
23    73085.60   176362.00   385863.0    670318.0    919907.0   1025530.0   
24    89841.70   215026.00   478023.0    829793.0   1139120.0   1276470.0   
25   114881.00   286727.00   610576.0   1016080.0   1355730.0   1503430.0   
26   156356.00   404264.00   927534.0   1637170.0   2251720.0   2507020.0   
27   164030.00   432067.00   967093.0   1633810.0   2176770.0   2413990.0   
28   277742.00   768877.00  1764510.0   3015170.0   4062620.0   4489350.0   
29   307963.00   866973.00  2028420.0   3555250.0   4809230.0   5318480.0   
30   359175.00  1026270.00  2366820.0   4033250.0   5328210.0   5832950.0   
31   536836.00  1554230.00  3535280.0   5888300.0   7660830.0   8369330.0   
32   569234.00  1682690.00  3881220.0   6452830.0   8408760.0   9160460.0   
33   600631.00  1757580.00  3916250.0   6361530.0   8138490.0   8835190.0   
34   877350.00  2585090.00  5668520.0   8960590.0  11215000.0  11997600.0   
35   944142.00  2781750.00  5927510.0   9150110.0  11270900.0  12002200.0   
36  1256980.00  3705470.00  7689910.0  11400200.0  13676500.0  14398600.0   
37  1523770.00  4364190.00  8680120.0  12422000.0  14543900.0  15218000.0   
38  1364690.00  3865990.00  7526990.0  10674400.0  12464200.0  13019200.0   
39   829236.00  2238830.00  4218600.0   5892720.0   6869220.0   7208420.0   
40   701444.00  1886910.00  3462230.0   4716130.0   5414680.0   5629640.0   
41   518334.00  1335410.00  2394470.0   3193940.0   3651140.0   3786560.0   
42   344403.00   850936.00  1450200.0   1846940.0   2050230.0   2099660.0   
43   514325.00  1331120.00  2289180.0   2949700.0   3262520.0   3343440.0   
44   618054.00  1602710.00  2815190.0   3715300.0   4187880.0   4342960.0   
45   399901.00   998209.00  1681540.0   2132010.0   2343980.0   2415070.0   
46   320483.00   775677.00  1272010.0   1563870.0   1677880.0   1704320.0   
47   218710.00   512722.00   830233.0   1026680.0   1108220.0   1141870.0   

            6           7          8           9           10  
0      19631.7     17016.6    13387.1     8853.33     5944.38  
1      26392.3     21866.8    16984.3    10768.00     6736.31  
2      27966.8     23248.9    17550.0    10485.80     6824.45  
3      26687.4     22060.0    15489.8     9409.00     6205.52  
4      26227.4     21295.7    14822.0     8963.82     5835.21  
5      25160.7     20013.7    13770.1     8923.03     5409.56  
6      22749.1     18551.3    12838.1     8096.81     5334.12  
7      49586.5     40346.1    28105.4    16970.80     9962.12  
8      70062.3     56723.8    36480.2    21568.40    12332.80  
9      86484.9     65156.7    43500.1    24415.30    13386.20  
10     98401.1     73149.1    48206.7    25602.70    13978.70  
11    113767.0     87488.7    56939.8    31518.50    17457.90  
12    133895.0    105660.0    70193.4    40765.10    20573.00  
13    125743.0    102789.0    70268.5    39541.40    20290.50  
14     89870.8     71093.6    47733.4    26689.20    14653.00  
15     57347.9     44978.7    29981.6    16290.70     9500.80  
16    165053.0    133156.0    88498.8    48297.20    24851.00  
17    287815.0    234839.0   160564.0    90551.60    43685.10  
18    414041.0    323840.0   212686.0   110600.00    52707.60  
19    412290.0    311587.0   188186.0    92879.50    42969.50  
20    400440.0    294602.0   176759.0    85031.90    39051.00  
21    324630.0    248933.0   158127.0    81963.80    37343.80  
22    770522.0    586194.0   366198.0   182580.00    77523.50  
23    926402.0    685832.0   400235.0   187787.00    80406.80  
24   1150190.0    851443.0   500976.0   231965.00    97549.20  
25   1370600.0   1042640.0   636441.0   304689.00   125497.00  
26   2289690.0   1686350.0   969273.0   434799.00   171435.00  
27   2227690.0   1681870.0   999145.0   458329.00   177524.00  
28   4137590.0   3117840.0  1842810.0   821240.00   304865.00  
29   4896730.0   3653640.0  2142190.0   938501.00   338974.00  
30   5371150.0   4128970.0  2477530.0  1106370.00   394525.00  
31   7766350.0   6023140.0  3699920.0  1671780.00   588374.00  
32   8521470.0   6633520.0  4072000.0  1820000.00   627075.00  
33   8249150.0   6498430.0  4103800.0  1895180.00   669942.00  
34  11308100.0   9162880.0  5944800.0  2794810.00   970047.00  
35  11367400.0   9373050.0  6231140.0  2983410.00  1039480.00  
36  13785300.0  11671600.0  8035540.0  3987540.00  1391710.00  
37  14665300.0  12653800.0  8994580.0  4663700.00  1673580.00  
38  12531600.0  10841700.0  7830550.0  4111850.00  1507360.00  
39   6935130.0   5972460.0  4370630.0  2388140.00   906090.00  
40   5453680.0   4773910.0  3550870.0  1980890.00   766237.00  
41   3665320.0   3241080.0  2456790.0  1408680.00   564644.00  
42   2050860.0   1856130.0  1475790.0   893077.00   369527.00  
43   3267120.0   2974050.0  2357730.0  1398320.00   561138.00  
44   4215370.0   3766520.0  2902440.0  1684780.00   678935.00  
45   2367500.0   2155170.0  1719620.0  1040540.00   429114.00  
46   1680190.0   1556680.0  1287530.0   808829.00   347695.00  
47   1114430.0   1028880.0   844030.0   533309.00   232331.00  
